CRAZY HORSE
20180705
00487,HAT POLYESTER,1,5.00,5.00,
00183,CHAIN GALV - 5/16',166,2.00,332.00,
00279,ELECTRIC BLACK TAPE,5,1.00,5.00,
00804,RING GALV - 5/8',4,4.50,18.00,
01045,TEFLON WHITE TAPE,2,1.00,2.00,
,,,,0.00,
,,,,0.00,
,,,,0.00,
,,,,0.00,
,,,,0.00,
,,,,0.00,
,,,,0.00,
,,,,0.00,
,,,,0.00,
,,,,0.00,

362.00